203 152 341 125 415 310 83 165 221 17 
171 246 204 414 400 263 337 3 110 386 
339 467 302 304 40 292 345 403 245 341 
151 300 493 492 426 409 155 9 426 228 
26 449 326 82 363 226 197 201 229 159 
87 421 127 389 225 19 33 70 274 130 
411 425 431 257 270 357 166 277 218 444 
357 97 394 183 179 257 410 229 458 491 
388 397 264 15 286 489 387 172 411 161 
302 175 87 233 432 209 442 450 486 161 
203 152 341 125 415 310 83 165 221 17 
171 246 204 414 400 263 337 3 110 386 
339 467 302 304 40 292 345 403 245 341 
151 300 493 492 426 409 155 9 426 228 
26 449 326 82 363 226 197 201 229 159 
87 421 127 389 225 19 33 70 274 130 
411 425 431 257 270 357 166 277 218 444 
357 97 394 183 179 257 410 229 458 491 
388 397 264 15 286 489 387 172 411 161 
302 175 87 233 432 209 442 450 486 161 
203 152 341 125 415 310 83 165 221 17 
171 246 204 414 400 263 337 3 110 386 
339 467 302 304 40 292 345 403 245 341 
151 300 493 492 426 409 155 9 426 228 
26 449 326 82 363 226 197 201 229 159 
87 421 127 389 225 19 33 70 274 130 
411 425 431 257 270 357 166 277 218 444 
357 97 394 183 179 257 410 229 458 491 
388 397 264 15 286 489 387 172 411 161 
302 175 87 233 432 209 442 450 486 161 
203 152 341 125 415 310 83 165 221 17 
171 246 204 414 400 263 337 3 110 386 
339 467 302 304 40 292 345 403 245 341 
151 300 493 492 426 409 155 9 426 228 
26 449 326 82 363 226 197 201 229 159 
87 421 127 389 225 19 33 70 274 130 
411 425 431 257 270 357 166 277 218 444 
357 97 394 183 179 257 410 229 458 491 
388 397 264 15 286 489 387 172 411 161 
302 175 87 233 432 209 442 450 486 161 
203 152 341 125 415 310 83 165 221 17 
171 246 204 414 400 263 337 3 110 386 
339 467 302 304 40 292 345 403 245 341 
151 300 493 492 426 409 155 9 426 228 
26 449 326 82 363 226 197 201 229 159 
87 421 127 389 225 19 33 70 274 130 
411 425 431 257 270 357 166 277 218 444 
357 97 394 183 179 257 410 229 458 491 
388 397 264 15 286 489 387 172 411 161 
302 175 87 233 432 209 442 450 486 161 
203 152 341 125 415 310 83 165 221 17 
171 246 204 414 400 263 337 3 110 386 
339 467 302 304 40 292 345 403 245 341 
151 300 493 492 426 409 155 9 426 228 
26 449 326 82 363 226 197 201 229 159 
87 421 127 389 225 19 33 70 274 130 
411 425 431 257 270 357 166 277 218 444 
357 97 394 183 179 257 410 229 458 491 
388 397 264 15 286 489 387 172 411 161 
302 175 87 233 432 209 442 450 486 161 
203 152 341 125 415 310 83 165 221 17 
171 246 204 414 400 263 337 3 110 386 
339 467 302 304 40 292 345 403 245 341 
151 300 493 492 426 409 155 9 426 228 
26 449 326 82 363 226 197 201 229 159 
87 421 127 389 225 19 33 70 274 130 
411 425 431 257 270 357 166 277 218 444 
357 97 394 183 179 257 410 229 458 491 
388 397 264 15 286 489 387 172 411 161 
302 175 87 233 432 209 442 450 486 161 
203 152 341 125 415 310 83 165 221 17 
171 246 204 414 400 263 337 3 110 386 
339 467 302 304 40 292 345 403 245 341 
151 300 493 492 426 409 155 9 426 228 
26 449 326 82 363 226 197 201 229 159 
87 421 127 389 225 19 33 70 274 130 
411 425 431 257 270 357 166 277 218 444 
357 97 394 183 179 257 410 229 458 491 
388 397 264 15 286 489 387 172 411 161 
302 175 87 233 432 209 442 450 486 161 
203 152 341 125 415 310 83 165 221 17 
171 246 204 414 400 263 337 3 110 386 
339 467 302 304 40 292 345 403 245 341 
151 300 493 492 426 409 155 9 426 228 
26 449 326 82 363 226 197 201 229 159 
87 421 127 389 225 19 33 70 274 130 
411 425 431 257 270 357 166 277 218 444 
357 97 394 183 179 257 410 229 458 491 
388 397 264 15 286 489 387 172 411 161 
302 175 87 233 432 209 442 450 486 161 
203 152 341 125 415 310 83 165 221 17 
171 246 204 414 400 263 337 3 110 386 
339 467 302 304 40 292 345 403 245 341 
151 300 493 492 426 409 155 9 426 228 
26 449 326 82 363 226 197 201 229 159 
87 421 127 389 225 19 33 70 274 130 
411 425 431 257 270 357 166 277 218 444 
357 97 394 183 179 257 410 229 458 491 
388 397 264 15 286 489 387 172 411 161 
302 175 87 233 432 209 442 450 486 161 
203 152 341 125 415 310 83 165 221 17 
171 246 204 414 400 263 337 3 110 386 
339 467 302 304 40 292 345 403 245 341 
151 300 493 492 426 409 155 9 426 228 
26 449 326 82 363 226 197 201 229 159 
87 421 127 389 225 19 33 70 274 130 
411 425 431 257 270 357 166 277 218 444 
357 97 394 183 179 257 410 229 458 491 
388 397 264 15 286 489 387 172 411 161 
302 175 87 233 432 209 442 450 486 161 
203 152 341 125 415 310 83 165 221 17 
171 246 204 414 400 263 337 3 110 386 
339 467 302 304 40 292 345 403 245 341 
151 300 493 492 426 409 155 9 426 228 
26 449 326 82 363 226 197 201 229 159 
87 421 127 389 225 19 33 70 274 130 
411 425 431 257 270 357 166 277 218 444 
357 97 394 183 179 257 410 229 458 491 
388 397 264 15 286 489 387 172 411 161 
302 175 87 233 432 209 442 450 486 161 
203 152 341 125 415 310 83 165 221 17 
171 246 204 414 400 263 337 3 110 386 
339 467 302 304 40 292 345 403 245 341 
151 300 493 492 426 409 155 9 426 228 
26 449 326 82 363 226 197 201 229 159 
87 421 127 389 225 19 33 70 274 130 
411 425 431 257 270 357 166 277 218 444 
357 97 394 183 179 257 410 229 458 491 
388 397 264 15 286 489 387 172 411 161 
302 175 87 233 432 209 442 450 486 161 
